48,35
10,253
10,279
10,153
10,143
10,229
10,135
10,165
10,287
10,2
10,3
11,9
11,16
9,7
9,1
9,5
9,3
8,6
8,14
8,16
8,9
40,5
40,3
40,1
39,4
39,3
39,1
38,37
38,36
38,35
38,34
38,33
38,32
38,31
38,30
38,29
38,28
38,27
38,26
38,25
38,24
38,23
38,22
38,7
38,6
38,5
38,4
38,3
38,1
36,5
36,3
36,1
35,4
35,3
35,1
34,4
34,3
34,1
33,5
33,4
33,3
33,1
32,3
32,1
31,4
31,3
31,1
30,4
30,3
30,1
29,3
29,1
20,3
20,2
20,1
19,3
19,2
19,1
14,5
12,3
12,2
12,1
11,30
11,29
11,28
11,27
11,26
11,25
11,24
11,22
11,20
11,19
11,18
11,15
11,14
11,13
11,12
11,11
11,10
11,8
11,7
11,6
11,5
11,4
11,3
11,2
11,1
18,1
10,314
10,310
18,3
